4.498886381448582483e+01
4.474627914344183921e+01
4.675612481428829881e+01
4.726810101145029819e+01
4.464779517001416309e+01
4.403742084765009679e+01
4.660196381540652055e+01
4.727486477103171580e+01
4.197864060183590595e+01
4.541209249147644300e+01
4.195132446350567079e+01
4.821115050512021583e+01
4.377617686308344958e+01
4.592563478449334013e+01
4.721235406433052617e+01
4.715438444921933581e+01
5.044910659883775850e+01
4.255317439310901761e+01
4.671874257989513524e+01
4.451279200523210022e+01
4.598990862873107233e+01
4.617290393946049676e+01
4.537126136991699354e+01
4.875164911934419365e+01
4.782717326797840940e+01
4.930562237291049144e+01
4.423995661923962075e+01
4.628369149830264462e+01
4.499570298693133452e+01
4.352423201269078845e+01
4.515389525093686984e+01
4.413440169526555223e+01
4.872438498792490691e+01
4.008766664277611369e+01
4.508443185178130364e+01
4.753227471408791871e+01
4.520242638541627400e+01
4.535198446040486431e+01
4.491708211728119693e+01
4.710909419218599226e+01
4.484490006308720922e+01
4.393048260000048799e+01
4.597730864384203642e+01
4.864509847597341263e+01
4.542174228365281863e+01
4.737807910155528646e+01
4.668641091859602454e+01
4.644893874902257380e+01
4.598953651963056188e+01
4.700702381697134058e+01
4.592237650274765315e+01
4.199216622671222865e+01
4.259888934544019889e+01
4.593973158607720109e+01
4.373701342490222999e+01
4.376370445651400587e+01
4.475581815984979528e+01
4.546259790530810108e+01
4.581841521493952030e+01
4.379240022909984020e+01
4.848281613940829970e+01
4.351352434920389101e+01
4.573658129756528012e+01
4.695741487654912305e+01
4.672181797418730298e+01
4.621911443063838476e+01
4.473548179668709679e+01
4.686566342987389078e+01
4.819052267980026727e+01
4.895586738785544867e+01
4.619764445859053126e+01
4.328786690235472179e+01
4.623309201397142942e+01
4.759468125508759329e+01
4.550892638107011123e+01
4.777535985311830302e+01
4.771060492092202310e+01
4.307959776807429364e+01
4.453123943554996345e+01
4.807672135487209175e+01
4.788717269296842005e+01
4.383579308220168969e+01
4.327310525888991322e+01
4.578091449607687480e+01
4.553848449735603765e+01
4.626820838711445560e+01
4.329892473560607868e+01
4.656802157658709973e+01
4.761424306145023877e+01
4.832604209080393787e+01
4.570196866412926795e+01
4.580629840565492827e+01
4.535576781588308393e+01
4.186448728436509725e+01
4.624207355618439408e+01
4.664539402559805126e+01
4.697071013305209419e+01
4.638398563484196302e+01
4.613657589590985708e+01
4.521263159186558767e+01
