8.235377640086207762e+00
9.137670524307660358e+00
8.290502336939026051e+00
7.790371739586111843e+00
7.765456441788790798e+00
5.408239954430463570e+00
7.797982802772727595e+00
9.114404450528523327e+00
7.896809769871117268e+00
7.198635978234012356e+00
6.894453197268042288e+00
7.043148839155719543e+00
8.336664542476283302e+00
8.100651611188213863e+00
6.826329256874551277e+00
7.165548279445895119e+00
9.013275416689941366e+00
7.677332414221956114e+00
6.978900137311187635e+00
7.511817731229657014e+00
